Q1:
16:2,3,2,3,2,4
19:2,4,2,4,2,5
21:2,5,2,5,4,3
22:2,5,2,5,2,6
23:4,3,4,3,2,7
Q2:
19:2,4,2,4,2,5
23:4,3,4,3,2,7
29:2,8,4,4,2,9
31:2,8,2,8,2,9
37:2,10,2,10,2,11
Q3:
23:3,3,6,3,3,5
23:6,3,3,3,3,5
27:4,4,4,4,8,3
31:8,3,8,3,4,5
35:4,7,4,7,8,5
38:8,5,8,5,4,8
38:7,3,7,4,14,3
38:7,4,7,3,14,3
41:3,6,18,3,3,8
41:18,3,3,6,3,8
43:3,6,18,3,9,4
43:18,3,3,6,9,4
43:4,10,4,10,8,7
44:9,3,18,3,3,8
44:18,3,9,3,3,8
45:8,7,8,7,4,11
46:9,3,18,3,9,4
46:18,3,9,3,9,4
46:8,5,8,5,16,4
50:4,10,16,5,8,7
50:16,5,4,10,8,7
51:4,13,4,13,8,9
52:8,9,8,9,4,14
57:8,9,8,9,16,7
57:16,5,16,5,8,7
67:16,8,16,8,8,11
68:8,13,8,13,16,10
77:16,11,16,11,8,15
Q3:
23:3,3,6,3,3,5
23:6,3,3,3,3,5
27:4,4,4,4,8,3
31:8,3,8,3,4,5
35:4,7,4,7,8,5
38:8,5,8,5,4,8
38:7,3,7,4,14,3
38:7,4,7,3,14,3
67:16,8,16,8,8,11
41:3,6,18,3,3,8
41:18,3,3,6,3,8
68:8,13,8,13,16,10
43:3,6,18,3,9,4
43:18,3,3,6,9,4
43:4,10,4,10,8,7
44:9,3,18,3,3,8
44:18,3,9,3,3,8
45:8,7,8,7,4,11
46:9,3,18,3,9,4
46:18,3,9,3,9,4
46:8,5,8,5,16,4
50:4,10,16,5,8,7
50:16,5,4,10,8,7
77:16,11,16,11,8,15
51:4,13,4,13,8,9
52:8,9,8,9,4,14
57:8,9,8,9,16,7
57:16,5,16,5,8,7
Q5:
16:2,3,2,3,2,4
21:2,5,2,5,4,3
22:2,5,2,5,2,6
24:2,6,4,3,2,7
25:2,6,2,6,2,7
26:2,7,2,7,4,4
27:4,4,4,4,2,9
28:2,7,2,7,2,8
34:2,9,2,9,2,10
35:4,6,4,6,2,13
